0.111603527182687
-6.3556333821327
-3.61884235046742
-10.5331345500966
-0.209877327822112
-0.032612054700023
0.110819624459374
-0.29318322074537
-0.447792104202978
-0.538248441983929
-0.293189600029232
-0.855250644218906
-0.712294393180066
-0.595778470585752
-1.00381905021014
0.0502258972965578
-0.302004265490031
1.60114656750424
0.594359771242252
-0.701843325857032
-14.4307536319736
-1.26978939801703
0.132300382542157
-0.358036942759083
-0.0186992140180138
-0.438346292273103
-12.6352728341137
-0.552600303085801
-13.2859955079723
0.194088156489852
0.258113694269767
0.493624724522729
0.589930679179867
-0.503209744866409
1.86159398408867
-1.51333835496318
1.13654838332069
0.993452693556203
0.338531375848102
1.12035500243803
0
0
0
0
0
0
0
0
0
0
0
0
0
0
0
0
0
0
0
0
0
0
0
0
0
0
0
0
0
0
0
0
0
0
0
0
0
0
0
0
0
0
0
0
0
0
0
0
0
0
0
0
0
0
0
0
0
0
0
0
0
0
