16.6944025500877
0.35027363172796
0.263167613040986
0.252320298019233
0.430443379103157
0.297574174962942
0.291162486870589
0.441163653253406
0.370377974919865
0.247197796135262
0.0801528500510134
0.0755961501616286
0.234866729016295
0.468470610237798
0.144695963063305
0.493239317634249
0.311199532611749
0.22026623109682
0.048265902523284
0.479960990931736
0.0118188117471626
0.0118188117471626
0.441046478490468
0.0888803026753186
0.0569431378665033
0.369343117485221
0.0236326689821374
0.176667710392713
0.0244616479340458
0.115870120480269
0.200157950099422
0.0828110957637367
0.12340170063696
0.0461618093732197
0.0701784148722487
0.0296203854657335
0.148342447107549
0.345556503423727
0.128612907218265
0.0794120109946683
5.46134564853225
0.0679564548904805
5.84244364410127
5.74025658878584
5.76856969334782
3.18705244513799
131.374871944522
127.767094456146
81.9050715774614
91.5701531422657
0.659613604529821
0.147529998378112
0.647378823563091
0.688836832072765
0.760797869768061
0.371485586625489
2.9312440333048
3.08935957704738
2.26059702508257
2.27548639255498
0.0188277329897554
1.04967669890724
0.527733575005108
0.310477047554081
4.01461954111677
26.8667525787557
5.9847403671465
109.054328994367
7.95824379495444
7.29566185335073
155.098094761836
0.134178760447313
152.507257689114
0.0432583962457053
23.9430162483673
469.753365409181
208.739896531248
0.0742218413140634
22.2597183200337
957.025652805028
247.391646285904
0.0409457440398061
20.4221998438005
43.1017830775874
5.70189300922608
42.0996729169644
6.5107934272395
0.0868232226460959
0.0234291460196361
0.261120635609667
0.0168795648496033
99.1591766881041
4.70269304383062
7.9563798003585
0.0398284656536048
0.00864470895380284
1.84397209703149
0.465878333245431
3.56872407477186
1.91884911315847
0.387193077731369
0.185543882370808
